$ANSIBLE_VAULT;1.1;AES256
35326530333538333537653634383731376135356231663261633435613163393539646538363439
6131386630303035323432303830643464326230393934620a356538666330386230646461373163
38316164346637656637333366373561333538316236656332333032386433326534316534613939
3263343565353262360a343934383534653064376232353066313265613932333732306564363462
39656464663438366230336537356232643334356666336337306163393335623865306462346531
37326666313761313333663561313734363439643937396230393230663939373434363865393934
61363362633264656464356433373637303933616330643631353936386233333535393037386366
38343865376636666631623635643933643839393334613234333131313633346531323035313063
38333039366562653833303263323835623935366636653537636264383866346333363637626330
31316135656661353863373636633034616138316132353833353331626432633836643132393862
65626338353762363862613035666239396635386139636236616637383032656235363937383061
30646131623362383661386332643239323530353436303135303163313662643163333336373233
31646361626162663862636466373962376335383738643134336234396633343363653838373438
61666565373961363630353539383536363334376332356666386366653133613466663764633866
30653765326230663063363037333237363562306534636533353433303130306639653562626534
35653364306333356334653265626261646163373934613937383930626661316338646466613132
35623462323464313461663237373334313239363361653332623133633738383162393534633264
32613466383862656665316532343163353434336563393361373033386439613433373832636134
35643332336266363138373364343637656437313561393335356130616530653037313036313133
36343566636663336664346365626338303338396336633865366665613730373764353535373937
33353461366564663661326433316634636233663664383032666537383834303431613133363135
34383134366336333963316161313361323838623531333037633033613131626533623866326364
36656234313166393036613139303166303265626564313435303763316336316334653832396164
31356237643861356232656637303537313163326264306534643766346233303830666133353232
33303039656562333937383331383330646466386536636466653335363131366333633061353065
62323939613237306463646136303765663134353734363862346631626532626237373931616162
37623432663866313731646632376235646532303263383662663961353230336163353565633635
31386631633966623861303864633734663038373036633235666330646162613461303165623861
30346639333933633637663362613563343536653664646138653735623236353761373862616337
30333238396532653236303866383063356364613134326434336137343565363039616430303231
30633233623465356434323339366361363135303136346639663238336331656165613134386132
38366534346262363932633738393833633262616235393437313134373432323035633432376632
32343233623539643539633832313232623164383535373861383331343133343762383066346666
31366437666461633539323134333531643438346335623761633233383165653938383465656439
32343166623663396139376136643637666264636232653734356131646233313233613063316339
61343539346262643431383261633437643735323061313330326434313736666437313235616666
65346131353135383936346564303834313730623938656366366463363766643463346562383134
37626365316631623334323534303730633837393738623263316435356539636565383433653163
31613338643865383265636265663433396437383663353237353262616236343531353435383439
30653530386437303335356164333133343936323665333264313932343833663235396132396661
63343538373865323265646437376637646531343432373332393137323862663765623062356161
38303734316535623137643532303239326165643566386133356134373435333962306533373032
31376132396161643838613566346438303739363535653434353362346232326337346238333331
32616432623465386166393430393366626530376462656363323537333831313461346433633232
32333263303933386365383232613566346431623765323861373038303562356630663339396162
33623732356431656361333262363835333633643063306464393533383137666362616138653833
35366435376336616433303361313838366436646131303332336461363061323631633336306666
38626265333839636162633465323435613636616537613766343337363465396664643363663565
38653330313230636234306662643066353935653461643935346434356136326433363037366464
30333266343865656364383061643539353561653061363033396236613834336264333438616131
35323939373333636634363065313039653334373433383730396364393465646638323737333861
38353632316566613363623930313963396365376639613335363963623163633230613461646635
35656436353630373164353933353437373631353837353739666431393863396363623563313066
39643662636162316234336161626533376330666666323262653636366361646461653136623038
33373033656332363037643338303135383734653834386631393761343466653961373534646533
34373133366563336364333264636337643535303136633065363537336138343638393566633731
34316362366564643932653739353230336564383465626661316362636133633539393234373837
39363766356431613563313461363831613336376231303463643633643933336533653062386361
61313134653061333531653130323263653534613865343133386338646363366134343161343236
66613830393430616363616161353562373338326339313132383436333562333535356262393464
66326134643562326231613432363332393366666634313838343063623064363861373734353034
65613464653165626663613064636139383264613937376363643235333562363339663934396566
66343336656535336137626165343131353132356234316237353634363833313736316633643664
31303033643832636434663931303834366338393562383037343333386233636265656164366235
32306236386363343834386639343835363938363536373935393963333864353130363962306566
32636665346635613236333834646633366434383238663539306136623436386162343563333033
65633835363361316130366364393164613034633732373537363266613132316132656636663832
37626230636165316236623239646663363035643765663633643366326430376135386565376434
37366534663338323833333230336432373835313566353265313663303033396639326234636636
33336665353533376136633934616366643934613335313738323264346331666137653932373036
33653664303865393965393038653531626331383262343031633339653734356332656166376632
34323131306439303563633933393036313666636634616132373463623264376464666665323834
31656537636132643335626630363738393838656332666436303031373536356361303463346661
36363862646139646437363739373365613138653165666663663133613534633863636363636335
61326465336233353365393435626664653531623166626265333732306265373063316630323730
64653931383739346133626665313939383662646236353733653036393832363235343761323732
39313131353032373963346363393763343263666630356533343436333766333531616137363366
63346539636263396335376265316263343638333331663737616131363161393264366262656637
62656231373138336333626232303534303565316538393034613835346366646430353964633363
36363265666632633031333763623663633237303266393331643837613437316639366336303264
64613837393539393334383338313732376462306131343438613331376338343938633466653932
64663233653537356335373162343831643839666366666262636231313530626434636339396130
62366162613935633263623562386430666639323537326463373436613438356664376138386436
30376434316132633061663164643933643635313331613332306338613331376562353164373937
36613935313334666233646233366563633063623337633639346230623164383430633837336533
34386164663062666366306464653461633134626565393062313737353432356632623066653633
38366335646364313866356666646238656232396264643866306463313935303066653661343833
38656266646662626464313237663335323431643563316439623533383236666664306333356437
30383166663830333338333137646663643765356230363663326366343061353666316138363265
64373935333936336230303435353836343164333432363634323935653532616132613764366566
35333766386236366565376630393936306230623939363433633937666232623832346266393061
33653664353464373437356531643132356562356662383335383236326630366433616639663636
35336131303362303735306131663932336231343361633831633031636634626337643232303764
66653139616664313536333864303766333734653062373066343532653838663937616666336438
62653663616135663431313539343136643130613466343131313461646665316239383130383663
66353032663134333930613062333337666161653535323162623534353135613666663862333263
61363333653537616633363234626463306561616438646265623635613562306365303461383235
31376331356237663966633565323139363966323031646663303531366662373437633730326438
61386362366330383934353136343439323161363033653739666432346262663965623963366133
61383563653031666533316661323937643066616539333837376233626330353538633231396162
62373363353166613833353834623438366331613663613265653835633436333433393637613131
31336631666131383330636138653062616430663663663666653463316364396534623630356362
31393638646463353766626165333735623865353131323564623864396661396538353638353563
30393037613566353763613037396139383066373337316334613334353439613262343437336135
30663461613035343439333561393564613565353231393265626637646538356461633632393036
63343937363964616166623237363763363661663838633735353632643963383536306139666435
36646365303135386431303533646530633263386463633939356565353535633334343566653436
33613164643862613430306536626561613964386336643463343835643936333637363061356239
63343736313831663735333161343233633362353561616161383163623766343430346431356562
38393965306237343938646332626433333530653163313436633931393162343061376463633663
32656261386335323939613238326539663632343261653461636331336164643162613831633866
33393762353637333431653733653233343032383334343733396434346338663962396430393736
66323365356561363238376462333561343938376661386439373238363531653839306461393138
34376536323537373338383666373033326139376666656231303831636433633837303338323438
36666632636538636633623031636331656265346539613535656536343135663362653830383666
37396237626430343833316630326265333734306438383961353330313266333535333537373766
34386438383565363964373230383439313666653637356334643731376630616532353665353835
61356532616135613836393961373632303261653235346663333966623437373161356664396265
36323831323236303139656134366635623732306362636635306434323336643037336434666164
65623339306632363534383266323130303563353136366662303735666432303737613139656333
35366137343537303232636364336165306436386665346337353336393139346535646439373534
62363665633036303233643634326431326334636231323565383666393561646563373638633434
36343738393237393938636432373039396162643132653234333866306265373563353931376365
35626232336537303034633961356531343065323934616138616134313739643436616133363433
64336165383832643864343736613565633166373762653232656361346230633932626334633731
64623331396364663161396439353438653764343537343731393933333564306166356562643734
62383361393565363030633332343066393231313161353132643232303865343364306363373266
33626365643663383336383464333937343335626363353132336561386432303963643238396665
30613162656464613631393138363262363734666432303636363533623633306135356335306233
61393435356132616666303138643331653730353763313038356335623966626637323732613630
34313466376134333766636561656439643232656635343738383236623534646536396334373438
63643765386635373230396236323631623438343961373933323331613261333732333564653664
34396339656233343165656630393938333365303763356561643435663937653964616461376634
30333964396561336565396331656334346136653930663837633032323638656266396334323534
65653332383137353661633031666136373433383239326430653261346431313264366163336439
37316231316138643661656561613733393237623933626536623736366463613332326462393663
63303561376430333765373032376665336337663232616236633864313134303566393733646363
34343062643366303930613536653764623462353036636532663561663666646564306566316461
32306533386366653837313136663632626664396435656261646535643262623966303463666164
63613466303562313030323366353037336638343136346332343539306263613139303066623137
38393666356437356635613865663930323237316265623934323735353137343331373338383735
32643431653836353436356664303866666466313231653331613738333163326530336431383238
62646563646266663535393431323966303031376335313437376433343331626635346430333739
65626366316364363932613038343465396663323535323933343765623133623639306466343039
62613636656239323531616430386433333437353761326430373564333830623039316235386262
39626166646232393062373065653831373638393737633231303633306438356337383161343338
62633130616330363161313931616138393732383234323137616537626636396234336564353834
33303830303062343035356632326535656433343538653061386238336537363863303463383164
63366161623263333732656263333834663839396634326361373063386664616363383263366237
39323432303932336438313065383433626538313262646133393531346636646665633531366539
30343832376530373564656466323238373233383531326263333930313462333565663430623964
36656465653732663632666465396235626135303239633034633337383736363432393436323037
62376237353336663366376161666364383837316562636561626138656163643634626333306233
33616237396630656337643834383662326336326166333962643362333834393461363166643435
37643466353866666637313332623435666536343138633539656632383832373862383865356463
62633735643836646131383161643639616430343338643039323362626665363862366436656136
37356165313430323762643362376663366264326365666464343661353261633164643362363364
30663465326139646633363261383534656339333130646431666365623264356237663965303965
31653330663938306332633862653736616562663635356264396461323461326465646536346466
63313763633835616262346163393761633661343165326230653832343466623134383535616437
37623634326236313830396336643732396430343362633039656366356664346435393162373835
61316130343030376233633834366466643537323637326231646263383464623332373738623233
65373263363564656561316535643965346134653961306636353065653539616564623938666530
65653634323962383232366239666533363738333265356636623265626361626434353364663931
63656564323166613061333231656338323064613266386535333039633034656232376439636631
35633533313739346437393933663933626330366330376562613164343634666566366333626261
37343631333566306530623931663234633732363830643765666538306561653564383031616261
38323038326666346663646338613337343938653536643333623039646433366635613439383731
66383530313632343466353235613764383737656638663733326230383366626633613736326366
39346338613933386637343463333166353932346234313238626631373532656131313237333666
33633336646137363563353061636534376533373130663433313065356633393561643462616665
39643534343630323664656230366637323766623033366162313764356665313135643066636332
36313864333561623661346438323461323464316263316234613965393034366365633162373536
32396665623532343730633832366430313731366166393166653762623966646231346465383861
65333465333566363433386664633962343264386262356238363062383631623031393139303733
33663136346230386364383264363931393331633566633731646163626163626534653665343033
38613666666637383162623637396635353433396464373238393336613832393337313632383462
63316635646364333061363734613731643963633438343432313366306132396339626638666163
62653966326564643130353563373939303936396238653165376662636261656565313439613537
62653363393230303636396563663933356635383735646638373638646361643938336562626235
63663237653937346335383031363231336230323765373130653061623664343434616635653265
66353766393335626436376332656633316638613937613831346263623930656630363337313264
33313863383364353835323731303066643661643333303536633265383037386164636438383734
31306232373566646331396631356464333031666163323762616331653034636166343964313037
33623032366661306636653232386230636664343664366263363633396137646166316535633464
38353537386336363030313631323165616130316662363564363561356236383336343734656662
62633564346561656530633066343463383838623765663464646465393132323561653038396238
34636338666461323233326236316132623233336230636161633136646462376438366263303130
35333133376534333261656633383661636235333834386134303265326161336231323934323335
30623937636366613339316463633336613834623761343934356561383666303434333765356634
39646338656665333038646139656366366634323764303161303833306630366165396136663236
63656336393630663063666632666665313439316431386465393433663236323138613131623737
37653231336431373437343366386664623538643638643637306631353264313336653737343164
30653862643133353332663930383064303837646466313931646233643931666265616130383535
36316362313030643432633666373635393364383561643064633933383665386337653539313839
65363761336363326265363038333861343166313333616633303564326334666463663062376561
65386362363039336564653936343930336237303266303462303563323233656634303065633662
65326666636635333032366563626261333136323765363337333565613263336161376632643831
66333636386230343738373535363363613131343833363962636633326635366136396365373033
37656231343762303363386635386233633837343630633736326633646632656438306636613635
35333533666662383632363832393532326533656261353862613539396332643365366535353931
30366431353036623530633035353731616164353865363463376464666164333437313734396132
61326664353164663030636237643963373463636566343464663965346466636264396163643863
32383835393264376665303936336664613938306435373836366164306132623332633135633637
64626539333435306332646632323163666332636334643066323633373261323737653737646562
63376163643634356136663365376264623935393130313132363665343365326362313265303539
64653738643833363836363438303134653664303163663466323035653039303464663961316536
35653063633830313465666666393733393863363439646566613437393838623233326130303538
66316333333435303237323834666439373766336538646137383364313965313365636131393838
38383864656231363132376365386236356432616432613539336533623664613061616438323335
65346164616265643139346434373162613134383930666336313833623461323839336533613364
37306239333736343563343539336561366331346365393263663762363261656236373633643239
34363566373839373066616433666333343535666433333632386131353961646338343932323538
64373263396161666535323862386336353039656438333538316565326331393333633163623839
65383632313762326164633035383436626637643364323338636237343638626461393331633564
66333130616533373162323437303836623133633537663837623232353766656534373630333033
64383439366265383066336566323536643663613335343735346435646462663461323766346639
36323433376263326238613738333539666666653666636566326131313435326536313662653764
61323664386338636561323937376565623437393839636138313065333239313234396438663132
38363464636532653934663265373431366631373964656265623830396132346330653033643966
33303138376531633834356138366563373835353361363239393764653762333239333263623364
34653362626334366366666430616535326262613066666264386535616233393937366437656235
37336332313436376533643437343464396633326162623036626431663537656462313734396337
64343536633164393633306439333763313764643063663664646432323238363836313766613435
31363932333239316564353265336564663237326262643337373033356434626666323232326539
30323433356436613730633065636133336338316431376265613632363238623632336565353664
30623233643136393635366432633565303363666561636438303362333435383932653965306634
38643736363962626163663539636436326462316130646666633666386630623763366135363638
36396138306561383732353135643431363362626166386265353438616463353838666433333432
32333263386366376232393938343862323237663835386136666637383932386662646332393762
32316636633035316261346562363935623836356561373530613637363035383564353233633264
32383661616631393337633537383139326532376333316635333733333231613139636234343037
65666632326163383862343735656333313162383863326362383764636164386664336164363636
63633039613165353462343835366462333764643531636135613163616665313232376332383333
63313165633738616166626634323936626531313036626436303735653438393439636130653864
38613032323262346536316633316331363430323565623537396433326365303533633434373336
34353534303530396337633139376535356663366530356533323133383434353731366238376630
36376633646464343263383939303637363966336237323638656337653364623863646630643365
36353739656537626530663664343863306636356461343861613435386364306338633463643938
63653962363932326230333030346365363932643033613537656137633139616462656538366638
33656334666136376234623261623661323135373964643163323766336238313337313233313761
39646333346538393734323433613563316431366430313631623633623633643730666138343866
39333037353363653536346363396462376134316465653132616239636134386531316162303035
35333562643633396237656637383430663935353864393965333834643436363663616561346436
33656664313066616330343664373237383835633664613261623564636539333931393362303230
38376361316262633961393631373861336633616266633532626138346434303039373134366363
32646538356132626135656434393134376531663066343932396164343865353437343634383364
33643163613238666131313734396636316636383933663435633061626531656533346665656334
38303237383365373364626262363438386234353062656234623564613235613365333838353030
32303433666666626235663131376533646535383638326166343336353265363665353465326131
32323134643763373339323239623065323164356564383965633163636637333163393661343131
31396130663739663265366462303032323239313432333232306434343164666461653035393636
61353234323233303839396633303632626131653933373132343438323233653363376339646335
62383266373938653666623531336237643161643939653835343763633764396661656364376665
66363663393462356564666237303463333431306635316466383134366566336431366463366632
62666662666361386338383331313434376561373366373635343132386533313162663836303166
63623730306333653132626361656362666137613332343535643331313138386435356434613161
35386230666530663332383266386431383836613039623031313735363764363966666464396237
34306362623135363737353631663430333663623032306537306361363637626135656337653261
31636339366266663333343966333531376336303630336634326638356338343463363635303462
30316361303563636337663631613537656566383935383762653230613338326631383333643965
37373965383235326438336338646139626131613534343136653132313363313434313933363930
38336566323964383137633366383036616135353139376636646235366662343162633938316338
37646566346130396661653131343132383262626330653261623861326534373837643339646363
31643163653339393563383837303064353336323132343461373264616161306136356534623031
64656130373966613664616261636265376365353530333231653037393439643035383231313537
61356234396335663631616333313135646263646335666366626537363036343534363761343234
66366663633338306332626161363162653635663161643835383033326566373165363364366663
35333436643038373636626239326466643963613032313637383637623566623636323336633063
38616134393562633736646364303731623936616433643364336362626536326262373161353663
63633933623261363234636633613230613439623863356662353965656262363761383865353837
65346337346433313261376433343338616565373931323839653237633032363935383466656330
33626262643534326466643764656538343062653930313735346462343430376430343966656134
61393631613264356461346238313166633739363638336264326533316631393763373632356362
64663432326364343231306536346336383465313030383465386364626139646337363539653266
32353961326261646130316562636265376233333134653336653637303666363631306432393136
33653235363663613463656531346637306161383966336235656166303835653162623834656663
66386334663364353633623061633434666135616361646432313938363935396136613562656630
63613864643136613839363330623563363762623463663632653735333761646537323964366135
62333365626335326339373935393662636563373164623932616430326639323263313931343533
65633233313462313531313762636461363465623830633464333864653336346361306634353136
64393537613939383965376534653563383735373131356133633063666262303931643538373430
64623530353964323932666136653962623736393337663138306532366162346166356663653361
32373035643234616663666332653035656137653561626562643532616238636531363835633731
38326234306637373338373339663231653437623666326135613962343939636132646330356235
65613264383632626334323864363333626238393337306362376634373938643532653632383730
31623933636164363838303034653439353333393434386230316238366335613730333631663937
31386363336330613639326538666531626331323537343031616136653363643264316462656335
32316333623339336231393933393831646135323833653039376435613061353864636233333565
65363833656462636366343537666562373937383438653237393763633262643931626436373332
35303834306437663434663938343263393464643330613039366336653635353333303562336533
30373761643434303636343535633035383939336662336263633136613865616237626565633662
33613761336437323737326262396237623165666361636461613062646536666533613031633331
62326564643837663266623535623637376633653339646634623235316535646634343530666136
37313665346238333263306230633936643738383138346633646566643165323366363631386430
34326631666461396334636266623737306531666330663739663139623063366232363530646664
34343563346261353435383761626234633665313665333561303234636430346630303461626136
62343737303335646135626230623566393365656261346565656231383832663233643131313266
38663433666637636363333439376666623138623038363036366538393861656266653731313039
65396266306137343030636337616234613337363436653436666131373037653661366566313631
35646566643738636139393936363038303164613438643831633962356530386161316662356537
65396533633433323061363435613563633363383638636638376338343064623161366438373238
64323830396662316233613231363363646135653566343435616163326335313265633562616339
62383431346131633061366634343361383563353030353665363264643238323930363561303833
61656465313965656566336137366437323033663465636233623137396665353030386165353761
35323430306230376537356461363536313837656366306433383330343138633934393866613862
33613533353361393265326463353936633365626337623933393566316538663833316265396232
64363561663532616134383730336264613236343761336361336336636634386162306364346162
62343361313137393561393734313032613737316562386661643230306336363436333236646635
65363735623432613362626633666239356363643165313337343162303138366137326139396565
39613733623436623333323933396265616239396436306335366639343962623465623262623433
66356464616465646631313837316338343963393832363937313663666535613137663462356236
37333939396233336439383635373638646432326330343430643462356165653536306632343364
61303631336236376662393339313939303763373436373261373865616562396230353363366139
37636432363338613533346132626463633430626663383336356134393861366536336531303961
36613866343036656331643930396535613561626361356561623665326163343938356431323133
36613262326161646664333364636164303736336231366662386431343837346464366537353761
39643032323639346661316633346139626662643134313731303131303139343934316135303637
64373064336666383732336262333636636438313534636630633466633238363839616330366663
30636462396362376638653534646534323735376135313965653234376236666539353837396232
30646162376662303762363564633266633036633737306635306161343462666164376432383936
37346532353162643464643430653361333933346266366164633939663632353837323938363637
34666666326462626630393065616530356134376564363463303736363136343361306231363030
37343462336339333863333263653235636264386431343431386433636433626666323032316366
34356234373739336464616562376464613338636632343765363239323865313436653138346235
61333464373330376432613137663734313336623539336335646439343830633062316637613239
62636563613830356434626261383431386231383730306666383232376533303339326636666137
32323461336237383664363032366464356430623036326136313631353666616464616366343235
37303833663136396635303265663135306162326665363131386563626665386662626463333738
62386336663133623432393131353861623633616230313732373037313832656366396561656132
62653433383561353336653032663438643039636135663831323436616537306134323465613236
38666164356563616461303132356630356161313334653166623036666465653731323564636537
66613439316537633733393163646637633935373861613765343233613861616662343434393237
64633535396432323361643339336633306636633334363730346437636139363639653833303131
36386237353161323938323339666534643765333762663037613335323438393039653536323935
63333138313937393230
